left ear : {-0.099999994f, 0.3f}, {-0.43333333f, 0.820000012f}, {-0.07333333f, 0.950000002f}, {-0f, 0.323333322f}
right ear : {0.099999994f, 0.3}, {0.43333333f, 0.820000012f}, {-0.07333333f, 0.950000002f}, {0f, 0.323333322f}
bodyUpperHalf: {-0.23333333f, 0f}, {-0.23666666f, 0.42666668f}, {0.24f, 0.42666668f}, {0.22666667f, 0f}
bodyLowerHalf: {-0.23333333f, 0f}, {-0.23666666f, -0.232323229f}, {0.24f, -0.232323229f}, {0.22666667f, 0f}
leftHand: {0.21774407f, 0.06153846f}, {0.49267343f, -0.03736264f}, {0.37170452f, -0.17362638f}, {0.20894632f, 0.017582418f}
rightLeg1: {0.06343268f, -0.1750547f}, {0.06780735f, -0.133479208f}, {0.113741353f, -0.113785557f}, {0.172799364f, -0.15098469f}
rightLeg2: {0.172799364f, -0.15098469f}, {0.313686281f, -0.234f}, {0.0305247344f, -0.259259254f}, {0.06343268f, -0.1750547f}
smile: {-0.13f, 0.0133333337f}, {-0.07666667f, -0.05666667f}, {0.086666666f, -0.0533333346f}, {0.126666665f, 0.0166666675f}
leftTooth: {-0.0359640345f, -0.036f}, {-0.0459540449f, -0.084f}, {0.00599400559f, -0.084f}, {-0.00599400559f, -0.038f}